920
577
133
79
941
122
778
486
588
933
442
359
161
701
651
906
734
410
931
795
908
799
189
298
987
316
423
949
293
264
7
549
417
284
134
58
988
246
285
564
930
81
916
983
449
557
986
361
302
545
662
468
73
322
363
891
780
429
843
834
1
849
67
774
985
898
787
654
360
140
361
917
758
5
979
693
545
404
274
418
670
484
119
128
878
983
925
233
549
225
134
599
902
450
346
786
185
263
970
631
559
127
322
518
301
245
588
270
35
446
194
479
809
768
659
579
167
540
943
530
410
442
838
600
223
840
378
749
128
175
509
154
59
987
652
819
146
940
299
981
173
77
659
573
147
993
670
186
800
709
435
144
936
53
229
170
658
223
54
443
800
46
472
673
98
748
228
575
186
584
4
830
370
472
882
679
481
970
380
303
581
869
231
279
99
631
120
279
906
258
338
223
69
912
417
890
790
231
685
367
256
876
306
565
950
264
140
714
631
753
576
216
306
264
246
749
950
970
563
469
738
565
82
350
44
625
810
832
213
944
587
487
905
859
714
622
924
507
333
314
200
737
80
120
347
690
997
428
158
19
633
679
704
533
659
44
208
36
177
543
650
322
739
354
24
275
360
662
194
780
607
18
841
797
310
963
893
921
462
856
558
286
360
49
815
125
864
668
990
479
896
539
688
897
240
933
906
486
352
615
419
512
832
215
101
635
239
741
946
78
15
399
803
270
26
863
819
937
174
235
922
308
539
632
709
642
854
100
699
161
190
567
851
106
723
541
129
21
510
835
167
159
995
915
264
673
84
869
696
550
736
628
231
265
216
467
108
944
953
770
862
49
813
385
654
391
468
615
832
849
57
263
416
519
111
104
146
610
626
40
201
479
305
964
729
8
337
718
209
111
422
684
447
448
474
1
71
170
64
658
375
265
290
279
714
139
190
827
444
788
519
114
580
665
216
263
373
838
451
655
615
452
712
837
140
963
481
979
844
927
554
738
481
186
918
822
327
94
292
280
171
117
216
769
620
135
510
608
415
111
850
233
956
939
875
739
470
581
174
547
8
915
110
178
131
80
152
776
332
452
229
499
778
607
705
32
933
981
369
213
746
599
538
680
659
94
619
736
203
756
772
46
463
817
536
375
360
535
598
921
414
378
854
15
438
303
246
675
579
512
740
135
723
266
326
912
936
171
989
448
79
867
640
63
109
614
853
772
805
986
714
445
23
12
290
713
171
690
899
686
210
940
499
741
773
859
347
958
223
494
308
104
21
910
294
521
102
669
8
359
350
343
313
857
428
204
397
965
939
586
483
238
262
315
355
161
597
624
173
804
644
738
861
572
282
880
770
50
791
258
669
858
166
769
799
103
290
33
67
558
949
172
35
917
907
763
39
960
798
660
632
848
747
787
370
224
585
662
272
229
898
730
89
313
561
251
512
277
251
276
457
593
683
147
639
273
926
720
3
341
109
810
655
469
224
822
681
919
95
853
643
839
612
104
807
145
164
147
687
398
765
99
458
481
18
669
811
509
465
709
180
317
637
904
232
671
887
334
237
582
847
679
120
450
105
953
963
654
563
395
873
430
507
217
643
27
21
477
907
845
369
126
765
660
115
872
853
626
516
672
891
192
950
377
499
76
717
424
617
756
801
64
738
802
984
915
558
427
528
38
26
733
378
504
418
813
578
407
843
395
611
159
437
482
64
383
992
696
108
137
622
462
107
566
502
844
962
900
89
421
1
54
701
330
505
654
559
701
471
313
645
660
72
207
722
288
424
613
146
546
539
281
685
241
532
18
761
458
779
897
871
884
801
455
432
990
448
421
769
144
110
450
993
771
728
189
707
846
850
391
342
46
116
635
450
656
585
341
934
806
265
77
125
221
278
823
782
447
596
368
706
353
402
742
737
555
437
652
229
319
875
761
224
80
412
572
178
168
661
630
402
646
879
804
485
787
988
352
957
527
601
483
193
149
39
761
394
848
508
112
13
48
167
670
188
156
400
263
328
397
933
712
209
517
113
587
253
171
942
591
119
500
356
355
863
312
890
263
520
630
929
318
718
788
705
852
326
143
458
105
392
83
164
455
511
623
586
453
401
745
649
616
433
610
319
827
578
189
455
891
390
689
449
202
197
80
29
558
849
67
760
532
38
381
207
38
759
393
216
295
939
648
305
31
775
939
416
368
813
553
337
595
922
485
102
655
837
88
760
287
842
734
964
223
447
800
665
315
294
149
150
172
937
765
353
464
884
60
337
972
44
304
669
561
782
599
661
937
114
31
